21
 1
29
17
 5
 9
18
12
13
19
27
28
25
20
14
 8
 6
16
11
15
30
 2
10
 4
23
 7
24
26
 3
22
 7
22
 8
29
16
26
23
21
24
 5
 6
12
 2
15
10
 3
28
13
20
 4
19
11
17
25
14
27
 9
18
 1
30
 9
 7
11
13
 8
 5
27
16
 2
12
 6
23
 4
 3
28
18
29
15
14
30
22
17
10
19
21
26
 1
25
20
24
19
 2
27
 9
12
25
14
21
 8
11
15
28
24
 7
17
 4
16
 1
 6
23
10
13
18
22
 3
26
20
 5
30
29
19
 2
27
 9
12
25
14
21
 8
11
15
28
24
 7
17
 4
16
 1
 6
23
10
13
18
22
 3
26
20
 5
30
29
19
 2
27
 9
12
25
14
21
 8
11
15
28
24
 7
17
 4
16
 1
 6
23
10
13
18
22
 3
26
20
 5
30
29